version https://git-lfs.github.com/spec/v1
oid sha256:6387560b9cffbd8e82b90ecbdcfdb0a581f72fd9dd17fa96a098c94022309a54
size 10611181
