version https://git-lfs.github.com/spec/v1
oid sha256:3dbfabf1cbad6a3a9e6ff6dae86996735318094f57d01d6dfd9b8f098651a30e
size 2567
