version https://git-lfs.github.com/spec/v1
oid sha256:966b3024ac4882d1fb0b3541bc7b1edb03e4724df4bf47f024171b30ead969f7
size 1414
