version https://git-lfs.github.com/spec/v1
oid sha256:5d820d41e49004a4b378db4cab77de2105e0acaf61f8b033e469c5504f9cfc82
size 2519612
