version https://git-lfs.github.com/spec/v1
oid sha256:04ef5644d359ba98aafb896cc95019f52b1d41919373375c9b68991626eb02b2
size 231
