version https://git-lfs.github.com/spec/v1
oid sha256:c7c621c5b8e37f9aa608b28dd7163dfab462fe72f057e0f13cb5db4bb2fdac94
size 4748627
