version https://git-lfs.github.com/spec/v1
oid sha256:fef79bb189e509696a1f3e73a4aae5055fd5e1e51284c081ccc1ed7c5da7d955
size 814
