version https://git-lfs.github.com/spec/v1
oid sha256:79558b902845aa1220f4011cde02f69406256122e5d662ecae7842d61506840e
size 7980961
