version https://git-lfs.github.com/spec/v1
oid sha256:4f551d9884e1b5917dc2dc6e5ae77921649bd39e44f0b7d5bdcd8008c782bb63
size 195923
