version https://git-lfs.github.com/spec/v1
oid sha256:08de4ab9b8e0f54f6d2d678a92d24a79e6a74a907d92acca1a8f3bd7b04a8363
size 130683
