version https://git-lfs.github.com/spec/v1
oid sha256:92719e92963d624e3baac7ea7a45ff9c4498c3f71c24d4f02701768e175ecba7
size 197252
