version https://git-lfs.github.com/spec/v1
oid sha256:9505010f03f1799c448bc6a77764663a007126df4f9d6166cf5ca7372776ff88
size 684
