version https://git-lfs.github.com/spec/v1
oid sha256:7781787cd124a340609ae38e5d2162a3377e964552db087ecbbbe6e33a7444bb
size 975263
