version https://git-lfs.github.com/spec/v1
oid sha256:e0e0cffe6da961f09b45efc7ffe7eb773845603b1e83d14ceb11236ad3526109
size 2408420
