version https://git-lfs.github.com/spec/v1
oid sha256:357d88758d3c093436b85037a6d613d4ebde6be45338346b231798dfa50161ad
size 2339893
