version https://git-lfs.github.com/spec/v1
oid sha256:ff5c7709cd53cb84c67278f9f30cc9e995e89b2525be821150ed405912e0fc59
size 2342433
