version https://git-lfs.github.com/spec/v1
oid sha256:18d67d8a66328c3e233654127dc784ef2428beb0be9be2039322df7a4b66d900
size 253
