version https://git-lfs.github.com/spec/v1
oid sha256:2e8ad98e994cd90e777bb05410743743ebaf47b1a7bd59e8b6fc13d669095780
size 122955
