version https://git-lfs.github.com/spec/v1
oid sha256:3dbdc1ff2f4eea359363ffa2f519ad430c6faea31aa5f0281db85b3bcedc3e64
size 231
