version https://git-lfs.github.com/spec/v1
oid sha256:04979c13a09a4674b01d98fd7215e65b8e2ae440cd95275d27432c5ccd1c211b
size 6989649
